0 0.85 0.28359375 0.109375 0.0828125
0 0.75625 0.303125 0.05625 0.059375
0 0.225 0.2703125 0.059375 0.05
0 0.44296875 0.596875 0.0515625 0.065625
0 0.478125 0.4125 0.0375 0.04375
0 0.3375 0.2625 0.090625 0.075
0 0.184375 0.28125 0.06875 0.05625
2 0.1640625 0.721875 0.06875 0.03125
2 0.353125 0.753125 0.075 0.040625
3 0.85546875 0.5125 0.2046875 0.340625
3 0.1484375 0.41875 0.13125 0.2125
3 0.31875 0.4109375 0.15625 0.23125
3 0.546875 0.6078125 0.1875 0.08125
3 0.55 0.44296875 0.103125 0.0890625
3 0.76171875 0.4125 0.0828125 0.146875
3 0.55 0.94375 0.18125 0.08125
0 0.44296875 0.95625 0.0421875 0.078125
