0 0.5725 0.28383458646616544 0.08 0.12406015037593984
0 0.03125 0.37593984962406013 0.0475 0.05263157894736842
0 0.83125 0.34962406015037595 0.1025 0.11278195488721804
0 0.27 0.35150375939849626 0.045 0.041353383458646614
1 0.59875 0.7030075187969925 0.0425 0.09774436090225563
1 0.7375 0.7255639097744361 0.055 0.07518796992481203
1 0.34375 0.24060150375939848 0.0575 0.10526315789473684
2 0.59125 0.9379699248120301 0.0675 0.05639097744360902
2 0.38125 0.9718045112781954 0.0425 0.05639097744360902
2 0.035 0.8947368421052632 0.07 0.045112781954887216
2 0.07875 0.7236842105263158 0.0425 0.02631578947368421
4 0.495 0.5939849624060151 0.255 0.5939849624060151
