0 0.79 0.18005540166204986 0.084 0.08310249307479224
0 0.749 0.2853185595567867 0.078 0.08310249307479224
0 0.886 0.1883656509695291 0.068 0.07202216066481995
0 0.608 0.27146814404432135 0.076 0.09418282548476455
1 0.747 0.5650969529085873 0.046 0.0664819944598338
1 0.572 0.42105263157894735 0.064 0.04986149584487535
1 0.646 0.556786703601108 0.048 0.0443213296398892
1 0.694 0.5623268698060941 0.032 0.0664819944598338
2 0.705 0.8656509695290858 0.074 0.036011080332409975
2 0.609 0.7728531855955678 0.05 0.0332409972299169
2 0.53 0.778393351800554 0.044 0.038781163434903045
2 0.818 0.8836565096952909 0.04 0.027700831024930747
4 0.785 0.5678670360110804 0.186 0.6371191135734072
4 0.593 0.5193905817174516 0.17 0.44598337950138506
4 0.902 0.4778393351800554 0.112 0.46814404432132967
