0 0.883 0.4121813031161473 0.05 0.042492917847025496
0 0.768 0.4093484419263456 0.04 0.031161473087818695
0 0.679 0.41076487252124644 0.042 0.039660056657223795
0 0.468 0.34985835694050993 0.06 0.059490084985835696
2 0.801 0.8144475920679887 0.034 0.025495750708215296
2 0.926 0.9164305949008499 0.028 0.031161473087818695
2 0.523 0.9745042492917847 0.042 0.039660056657223795
2 0.871 0.8796033994334278 0.046 0.025495750708215296
2 0.721 0.7946175637393768 0.034 0.031161473087818695
2 0.21 0.886685552407932 0.028 0.0339943342776204
2 0.699 0.8243626062322946 0.026 0.028328611898016998
2 0.46 0.9886685552407932 0.028 0.0226628895184136
2 0.562 0.8314447592067988 0.024 0.031161473087818695
2 0.431 0.8144475920679887 0.026 0.031161473087818695
