0 0.83125 0.5416666666666666 0.0575 0.056666666666666664
2 0.5975 0.885 0.025 0.023333333333333334
2 0.975 0.845 0.03 0.03
2 0.74625 0.945 0.0225 0.03
2 0.7075 0.92 0.05 0.02666666666666667
2 0.92125 0.8283333333333334 0.0325 0.023333333333333334
2 0.77875 0.9766666666666667 0.0525 0.02666666666666667
2 0.65625 0.875 0.0325 0.023333333333333334
2 0.37875 0.885 0.0425 0.03666666666666667
2 0.4375 0.8016666666666666 0.015 0.023333333333333334
2 0.22625 0.9083333333333333 0.0425 0.03
2 0.48875 0.8816666666666667 0.0175 0.03
2 0.29375 0.83 0.0375 0.02666666666666667
2 0.84875 0.99 0.0225 0.02
2 0.2625 0.8966666666666666 0.055 0.02
2 0.99 0.8933333333333333 0.02 0.02
2 0.44875 0.88 0.0375 0.02666666666666667
2 0.3275 0.87 0.02 0.02666666666666667
4 0.15125 0.68 0.0975 0.4
