0 0.1988888888888889 0.3302325581395349 0.03777777777777778 0.06511627906976744
0 0.7988888888888889 0.42093023255813955 0.028888888888888888 0.05116279069767442
0 0.07 0.3395348837209302 0.03777777777777778 0.05581395348837209
0 0.9277777777777778 0.41627906976744183 0.042222222222222223 0.06046511627906977
0 0.34 0.3488372093023256 0.04 0.06511627906976744
0 0.3 0.43023255813953487 0.02666666666666667 0.04186046511627907
0 0.5722222222222222 0.4186046511627907 0.03333333333333333 0.05581395348837209
0 0.7011111111111111 0.39069767441860465 0.03333333333333333 0.07441860465116279
0 0.45222222222222225 0.37209302325581395 0.03777777777777778 0.05581395348837209
0 0.4022222222222222 0.4255813953488372 0.02666666666666667 0.05116279069767442
0 0.4922222222222222 0.39069767441860465 0.028888888888888888 0.046511627906976744
0 0.5377777777777778 0.44883720930232557 0.02666666666666667 0.05116279069767442
0 0.6555555555555556 0.4046511627906977 0.03111111111111111 0.06511627906976744
0 0.37777777777777777 0.7395348837209302 0.017777777777777778 0.05581395348837209
0 0.6311111111111111 0.3883720930232558 0.02666666666666667 0.05116279069767442
1 0.29888888888888887 0.7 0.02 0.07906976744186046
2 0.35777777777777775 0.9302325581395349 0.022222222222222223 0.027906976744186046
2 0.9111111111111111 0.8604651162790697 0.013333333333333334 0.05581395348837209
2 0.18777777777777777 0.9162790697674419 0.028888888888888888 0.046511627906976744
2 0.94 0.8813953488372093 0.022222222222222223 0.03255813953488372
2 0.4955555555555556 0.9093023255813953 0.017777777777777778 0.03255813953488372
2 0.46111111111111114 0.9302325581395349 0.028888888888888888 0.037209302325581395
2 0.56 0.8860465116279069 0.022222222222222223 0.05116279069767442
2 0.21888888888888888 0.8953488372093024 0.02 0.06046511627906977
2 0.5922222222222222 0.8860465116279069 0.015555555555555555 0.03255813953488372
2 0.07888888888888888 0.9162790697674419 0.02 0.037209302325581395
2 0.31777777777777777 0.9255813953488372 0.03111111111111111 0.027906976744186046
2 0.53 0.8558139534883721 0.015555555555555555 0.027906976744186046
2 0.06888888888888889 0.9093023255813953 0.008888888888888889 0.03255813953488372
