0 0.777 0.33604336043360433 0.07 0.05962059620596206
0 0.279 0.15447154471544716 0.026 0.04336043360433604
0 0.515 0.0989159891598916 0.062 0.1002710027100271
0 0.391 0.2859078590785908 0.058 0.07859078590785908
2 0.328 0.6070460704607046 0.068 0.04336043360433604
2 0.734 0.6937669376693767 0.04 0.05962059620596206
3 0.554 0.27371273712737126 0.156 0.24390243902439024
3 0.763 0.5040650406504065 0.158 0.21138211382113822
3 0.35 0.42005420054200543 0.204 0.22764227642276422
3 0.228 0.18157181571815717 0.06 0.0921409214092141
2 0.861 0.6422764227642277 0.058 0.16802168021680217
2 0.247 0.2696476964769648 0.05 0.04607046070460705
