0 0.502 0.45209580838323354 0.044 0.04790419161676647
0 0.176 0.5194610778443114 0.036 0.038922155688622756
0 0.376 0.6526946107784432 0.032 0.041916167664670656
0 0.31 0.5104790419161677 0.02 0.02694610778443114
0 0.759 0.4655688622754491 0.018 0.020958083832335328
2 0.508 0.9221556886227545 0.016 0.029940119760479042
2 0.334 0.8098802395209581 0.028 0.020958083832335328
2 0.663 0.8038922155688623 0.018 0.02694610778443114
2 0.528 0.9670658682634731 0.028 0.029940119760479042
2 0.195 0.8622754491017964 0.018 0.029940119760479042
2 0.37 0.7829341317365269 0.012 0.02694610778443114
2 0.699 0.9850299401197605 0.026 0.029940119760479042
2 0.562 0.8143712574850299 0.016 0.017964071856287425
2 0.722 0.9446107784431138 0.012 0.02694610778443114
