0 0.426 0.4774774774774775 0.036 0.06006006006006006
0 0.485 0.4369369369369369 0.046 0.06906906906906907
0 0.566 0.3813813813813814 0.052 0.07207207207207207
2 0.448 0.5975975975975976 0.024 0.03003003003003003
2 0.606 0.6516516516516516 0.032 0.036036036036036036
2 0.653 0.6606606606606606 0.026 0.04804804804804805
2 0.517 0.6216216216216216 0.038 0.03003003003003003
3 0.627 0.5075075075075075 0.138 0.21021021021021022
3 0.447 0.5285285285285285 0.094 0.15615615615615616
3 0.528 0.5165165165165165 0.096 0.16816816816816818
