0 0.5366666666666666 0.44666666666666666 0.03333333333333333 0.04
0 0.6777777777777778 0.4 0.04 0.04
0 0.8866666666666667 0.455 0.035555555555555556 0.03666666666666667
1 0.7377777777777778 0.6283333333333333 0.017777777777777778 0.05
1 0.4888888888888889 0.6566666666666666 0.017777777777777778 0.03333333333333333
1 0.8411111111111111 0.6566666666666666 0.02 0.04
1 0.6366666666666667 0.63 0.02 0.05333333333333334
1 0.5688888888888889 0.685 0.008888888888888889 0.03
1 0.9422222222222222 0.665 0.017777777777777778 0.023333333333333334
1 0.9455555555555556 0.66 0.02 0.04
2 0.6688888888888889 0.81 0.022222222222222223 0.06666666666666667
2 0.88 0.8366666666666667 0.035555555555555556 0.02
2 0.9311111111111111 0.8416666666666667 0.022222222222222223 0.023333333333333334
2 0.5088888888888888 0.81 0.04 0.08
3 0.5222222222222223 0.5466666666666666 0.08 0.15333333333333332
