0 0.698 0.2786666666666667 0.072 0.056
0 0.118 0.2986666666666667 0.072 0.064
0 0.484 0.3426666666666667 0.06 0.050666666666666665
0 0.871 0.2906666666666667 0.05 0.042666666666666665
0 0.369 0.30666666666666664 0.07 0.06933333333333333
2 0.134 0.892 0.08 0.04
2 0.861 0.6866666666666666 0.03 0.029333333333333333
2 0.515 0.7786666666666666 0.042 0.02666666666666667
2 0.727 0.8106666666666666 0.062 0.032
2 0.416 0.8666666666666667 0.068 0.042666666666666665
2 0.696 0.7826666666666666 0.056 0.034666666666666665
2 0.807 0.6706666666666666 0.042 0.029333333333333333
2 0.489 0.7666666666666667 0.034 0.018666666666666668
2 0.154 0.8386666666666667 0.028 0.029333333333333333
4 0.114 0.6306666666666667 0.128 0.5413333333333333
