0 0.162 0.24847560975609756 0.156 0.17378048780487804
0 0.671 0.29878048780487804 0.086 0.08536585365853659
0 0.491 0.28353658536585363 0.046 0.06097560975609756
0 0.269 0.33384146341463417 0.046 0.057926829268292686
0 0.339 0.31859756097560976 0.07 0.07621951219512195
0 0.38 0.30640243902439024 0.052 0.06402439024390244
2 0.54 0.7987804878048781 0.032 0.03048780487804878
2 0.472 0.8003048780487805 0.032 0.039634146341463415
2 0.271 0.7759146341463414 0.046 0.04573170731707317
2 0.401 0.8765243902439024 0.034 0.057926829268292686
