0 0.213 0.4984848484848485 0.07 0.1303030303030303
0 0.505 0.21818181818181817 0.122 0.23030303030303031
0 0.859 0.07575757575757576 0.106 0.11515151515151516
0 0.513 0.6393939393939394 0.094 0.13333333333333333
0 0.859 0.10606060606060606 0.106 0.1696969696969697
1 0.706 0.7681818181818182 0.136 0.20909090909090908
1 0.298 0.65 0.048 0.08181818181818182
1 0.521 0.8484848484848485 0.118 0.10909090909090909
4 0.758 0.5681818181818182 0.436 0.8575757575757575
3 0.403 0.5772727272727273 0.078 0.16666666666666666
3 0.779 0.4257575757575758 0.306 0.5484848484848485
3 0.891 0.2803030303030303 0.138 0.20909090909090908
3 0.255 0.5681818181818182 0.106 0.16666666666666666
3 0.536 0.7712121212121212 0.112 0.1787878787878788
