0 0.26 0.4146666666666667 0.032 0.029333333333333333
0 0.307 0.45466666666666666 0.026 0.029333333333333333
0 0.495 0.45066666666666666 0.038 0.032
0 0.648 0.4226666666666667 0.048 0.050666666666666665
2 0.218 0.7506666666666667 0.024 0.024
2 0.252 0.748 0.016 0.024
2 0.587 0.764 0.018 0.024
2 0.281 0.7026666666666667 0.03 0.018666666666666668
2 0.308 0.7066666666666667 0.012 0.021333333333333333
2 0.503 0.7706666666666667 0.026 0.02666666666666667
2 0.463 0.7746666666666666 0.018 0.029333333333333333
2 0.681 0.7786666666666666 0.018 0.02666666666666667
2 0.73 0.7466666666666667 0.028 0.016
2 0.614 0.8146666666666667 0.044 0.018666666666666668
2 0.643 0.8386666666666667 0.038 0.034666666666666665
2 0.548 0.7506666666666667 0.02 0.029333333333333333
2 0.547 0.7546666666666667 0.018 0.021333333333333333
