0 0.6925925925925925 0.36666666666666664 0.04691358024691358 0.05185185185185185
0 0.8592592592592593 0.31851851851851853 0.08395061728395062 0.07407407407407407
0 0.4123456790123457 0.37407407407407406 0.04938271604938271 0.044444444444444446
0 0.4925925925925926 0.3537037037037037 0.037037037037037035 0.040740740740740744
0 0.6185185185185185 0.4148148148148148 0.037037037037037035 0.037037037037037035
2 0.3419753086419753 0.8537037037037037 0.027160493827160494 0.03333333333333333
2 0.7049382716049383 0.8796296296296297 0.027160493827160494 0.04814814814814815
2 0.7728395061728395 0.9203703703703704 0.07407407407407407 0.040740740740740744
2 0.6728395061728395 0.8185185185185185 0.04197530864197531 0.02962962962962963
2 0.4160493827160494 0.8296296296296296 0.03209876543209877 0.02962962962962963
2 0.8407407407407408 0.9629629629629629 0.037037037037037035 0.05925925925925926
2 0.5679012345679012 0.7648148148148148 0.0345679012345679 0.025925925925925925
2 0.49382716049382713 0.7481481481481481 0.02962962962962963 0.044444444444444446
2 0.6185185185185185 0.7648148148148148 0.022222222222222223 0.025925925925925925
2 0.44074074074074077 0.7666666666666667 0.027160493827160494 0.02962962962962963
2 0.4962962962962963 0.7555555555555555 0.024691358024691357 0.02962962962962963
