0 0.76375 0.21509433962264152 0.0275 0.03018867924528302
0 0.23125 0.6471698113207547 0.0275 0.033962264150943396
0 0.47625 0.45660377358490567 0.0275 0.045283018867924525
2 0.41125 0.6981132075471698 0.0175 0.03018867924528302
2 0.17 0.8849056603773585 0.02 0.033962264150943396
2 0.7375 0.4509433962264151 0.025 0.026415094339622643
2 0.20125 0.8566037735849057 0.0125 0.03018867924528302
2 0.45 0.6679245283018868 0.015 0.03018867924528302
2 0.71625 0.45849056603773586 0.0175 0.026415094339622643
4 0.75375 0.3471698113207547 0.1125 0.2339622641509434
4 0.47 0.5849056603773585 0.135 0.2339622641509434
4 0.22625 0.7735849056603774 0.1325 0.2188679245283019
