0 0.30625 0.08046875 0.1125 0.1546875
0 0.7125 0.21484375 0.146875 0.2203125
0 0.6 0.203125 0.0875 0.146875
0 0.175 0.496875 0.021875 0.025
1 0.28046875 0.490625 0.0609375 0.1
1 0.640625 0.6484375 0.08125 0.1125
1 0.69375 0.58125 0.04375 0.05
2 0.7515625 0.959375 0.059375 0.05
2 0.70546875 0.896875 0.0421875 0.065625
2 0.4578125 0.96796875 0.090625 0.0640625
2 0.396875 0.965625 0.0375 0.065625
4 0.32734375 0.57421875 0.4140625 0.7578125
4 0.18125 0.590625 0.05625 0.140625
4 0.234375 0.60546875 0.04375 0.1578125
