0 0.346875 0.28046875 0.059375 0.0859375
0 0.078125 0.1875 0.059375 0.09375
0 0.48125 0.1390625 0.06875 0.09375
0 0.66484375 0.275 0.0859375 0.121875
0 0.21875 0.2625 0.05 0.1
1 0.0125 0.503125 0.021875 0.05
1 0.13125 0.515625 0.021875 0.05
1 0.721875 0.74296875 0.065625 0.1921875
1 0.415625 0.58359375 0.021875 0.0953125
1 0.17734375 0.5 0.0203125 0.0875
1 0.503125 0.6265625 0.034375 0.103125
2 0.42421875 0.928125 0.0671875 0.05
2 0.115625 0.7515625 0.040625 0.125
2 0.0375 0.75 0.053125 0.140625
2 0.4890625 0.96171875 0.0625 0.0765625
2 0.371875 0.85 0.034375 0.078125
2 0.30625 0.81484375 0.053125 0.0671875
2 0.24609375 0.78671875 0.0359375 0.0703125
2 0.19296875 0.771875 0.0640625 0.0875
3 0.45625 0.403125 0.128125 0.315625
3 0.21875 0.425 0.109375 0.2125
3 0.628125 0.621875 0.240625 0.471875
3 0.08359375 0.39296875 0.1640625 0.2828125
3 0.48046875 0.41875 0.1453125 0.340625
3 0.35234375 0.503125 0.0890625 0.296875
