0 0.181 0.1537313432835821 0.054 0.056716417910447764
0 0.646 0.21492537313432836 0.044 0.05373134328358209
0 0.331 0.16567164179104477 0.058 0.06865671641791045
0 0.476 0.17164179104477612 0.072 0.08656716417910448
0 0.837 0.17164179104477612 0.07 0.06865671641791045
0 0.792 0.20597014925373133 0.044 0.05373134328358209
2 0.77 0.7925373134328358 0.06 0.03880597014925373
2 0.137 0.755223880597015 0.042 0.041791044776119404
2 0.843 0.8343283582089552 0.03 0.03880597014925373
2 0.241 0.7208955223880597 0.026 0.03880597014925373
2 0.725 0.7044776119402985 0.046 0.029850746268656716
2 0.468 0.8626865671641791 0.048 0.06567164179104477
2 0.504 0.9014925373134328 0.048 0.05373134328358209
2 0.346 0.7402985074626866 0.048 0.041791044776119404
2 0.388 0.7626865671641792 0.024 0.03880597014925373
2 0.648 0.6611940298507463 0.028 0.03283582089552239
4 0.177 0.48059701492537316 0.162 0.5194029850746269
4 0.764 0.48656716417910445 0.108 0.44776119402985076
