0 0.947 0.7967359050445104 0.058 0.050445103857566766
0 0.121 0.6439169139465876 0.046 0.05341246290801187
0 0.243 0.599406528189911 0.05 0.05934718100890208
0 0.417 0.5816023738872403 0.05 0.06528189910979229
0 0.594 0.6824925816023739 0.044 0.05934718100890208
1 0.335 0.6261127596439169 0.018 0.03560830860534125
1 0.198 0.6394658753709199 0.024 0.03857566765578635
3 0.088 0.7477744807121661 0.084 0.1661721068249258
3 0.245 0.7136498516320475 0.098 0.17507418397626112
3 0.965 0.9050445103857567 0.066 0.14836795252225518
