0 0.523 0.1891891891891892 0.042 0.07807807807807808
0 0.404 0.2957957957957958 0.044 0.08108108108108109
0 0.844 0.1036036036036036 0.032 0.06906906906906907
0 0.877 0.09009009009009009 0.05 0.06606606606606606
1 0.369 0.41291291291291293 0.03 0.03903903903903904
1 0.547 0.35585585585585583 0.026 0.03903903903903904
1 0.449 0.3858858858858859 0.034 0.03903903903903904
1 0.845 0.36486486486486486 0.03 0.04504504504504504
1 0.82 0.3258258258258258 0.036 0.057057057057057055
1 0.503 0.3633633633633634 0.018 0.036036036036036036
1 0.368 0.5105105105105106 0.02 0.036036036036036036
2 0.368 0.5105105105105106 0.02 0.036036036036036036
2 0.445 0.5045045045045045 0.046 0.03003003003003003
2 0.503 0.4924924924924925 0.018 0.036036036036036036
2 0.524 0.4864864864864865 0.028 0.042042042042042045
2 0.893 0.5630630630630631 0.074 0.05105105105105105
2 0.846 0.5135135135135135 0.036 0.03003003003003003
2 0.859 0.5465465465465466 0.034 0.036036036036036036
