0 0.722 0.45795795795795796 0.032 0.03303303303303303
0 0.392 0.4084084084084084 0.032 0.036036036036036036
0 0.786 0.4339339339339339 0.036 0.03903903903903904
0 0.642 0.42492492492492495 0.036 0.03903903903903904
0 0.607 0.43543543543543545 0.022 0.03003003003003003
2 0.403 0.8213213213213213 0.022 0.03303303303303303
2 0.636 0.7912912912912913 0.024 0.03303303303303303
2 0.565 0.7552552552552553 0.018 0.03303303303303303
2 0.833 0.7477477477477478 0.018 0.024024024024024024
2 0.962 0.8063063063063063 0.028 0.03303303303303303
2 0.537 0.7702702702702703 0.026 0.02702702702702703
2 0.767 0.8303303303303303 0.026 0.02702702702702703
2 0.913 0.7747747747747747 0.018 0.036036036036036036
2 0.672 0.7942942942942943 0.02 0.03903903903903904
2 0.373 0.8093093093093093 0.026 0.04504504504504504
2 0.795 0.8048048048048048 0.026 0.04804804804804805
2 0.716 0.7537537537537538 0.02 0.06606606606606606
2 0.613 0.7102102102102102 0.014 0.021021021021021023
2 0.37 0.8123123123123123 0.02 0.03903903903903904
2 0.734 0.7672672672672672 0.02 0.08108108108108109
2 0.593 0.7012012012012012 0.018 0.021021021021021023
