0 0.285 0.43018867924528303 0.105 0.12830188679245283
0 0.34375 0.4018867924528302 0.0425 0.04905660377358491
0 0.44125 0.4377358490566038 0.0625 0.07547169811320754
0 0.13125 0.4226415094339623 0.0675 0.06792452830188679
1 0.40125 0.6113207547169811 0.0425 0.03773584905660377
2 0.55125 0.8490566037735849 0.0625 0.045283018867924525
2 0.45125 0.9207547169811321 0.0325 0.052830188679245285
2 0.33625 0.7528301886792453 0.0575 0.04150943396226415
2 0.15 0.8660377358490566 0.05 0.04905660377358491
4 0.47 0.6981132075471698 0.165 0.4075471698113208
4 0.28375 0.7584905660377359 0.2225 0.47547169811320755
1 0.53125 0.4849056603773585 0.0725 0.09433962264150944
4 0.14 0.6433962264150943 0.135 0.3660377358490566
4 0.36375 0.5264150943396226 0.0725 0.20754716981132076
