0 0.648 0.5015060240963856 0.052 0.05120481927710843
0 0.472 0.49849397590361444 0.052 0.05120481927710843
1 0.608 0.6596385542168675 0.024 0.030120481927710843
1 0.6 0.625 0.028 0.02710843373493976
1 0.512 0.6686746987951807 0.016 0.03614457831325301
1 0.491 0.6566265060240963 0.034 0.030120481927710843
2 0.463 0.9382530120481928 0.034 0.02108433734939759
2 0.495 0.9367469879518072 0.034 0.024096385542168676
3 0.47 0.6475903614457831 0.076 0.1927710843373494
3 0.649 0.6370481927710844 0.078 0.1897590361445783
