0 0.642 0.4804804804804805 0.12 0.18018018018018017
0 0.722 0.5225225225225225 0.048 0.12012012012012012
0 0.515 0.4744744744744745 0.078 0.0960960960960961
0 0.207 0.5045045045045045 0.07 0.09009009009009009
1 0.363 0.2822822822822823 0.07 0.10810810810810811
1 0.158 0.7852852852852853 0.06 0.0990990990990991
4 0.34 0.6096096096096096 0.2 0.7747747747747747
4 0.523 0.6636636636636637 0.286 0.6666666666666666
4 0.185 0.7807807807807807 0.166 0.43243243243243246
4 0.699 0.7927927927927928 0.122 0.4084084084084084
