0 0.133630289532294 0.43333333333333335 0.04899777282850779 0.04
0 0.6369710467706013 0.42333333333333334 0.0400890868596882 0.05333333333333334
0 0.36525612472160357 0.38 0.04899777282850779 0.04
0 0.49665924276169265 0.4 0.04899777282850779 0.06666666666666667
0 0.30178173719376394 0.43833333333333335 0.0378619153674833 0.03
0 0.7951002227171492 0.43 0.044543429844097995 0.06666666666666667
1 0.8942093541202673 0.6216666666666667 0.024498886414253896 0.03666666666666667
1 0.43875278396436523 0.5516666666666666 0.022271714922048998 0.03
1 0.20824053452115812 0.565 0.024498886414253896 0.043333333333333335
1 0.7572383073496659 0.505 0.022271714922048998 0.03666666666666667
1 0.43207126948775054 0.42833333333333334 0.0400890868596882 0.03
1 0.7505567928730512 0.54 0.022271714922048998 0.02666666666666667
2 0.35412026726057905 0.8766666666666667 0.044543429844097995 0.02666666666666667
2 0.2984409799554566 0.8716666666666667 0.0400890868596882 0.03
2 0.8106904231625836 0.8133333333333334 0.04899777282850779 0.02
2 0.5289532293986637 0.8483333333333334 0.0378619153674833 0.03
4 0.5267260579064588 0.635 0.16703786191536749 0.43
4 0.14587973273942093 0.6766666666666666 0.12694877505567928 0.4
4 0.8340757238307349 0.6466666666666666 0.1403118040089087 0.3933333333333333
4 0.6636971046770601 0.6183333333333333 0.155902004454343 0.31
4 0.3930957683741648 0.6866666666666666 0.0645879732739421 0.32
