0 0.238 0.2647058823529412 0.156 0.2222222222222222
0 0.414 0.2826797385620915 0.116 0.19281045751633988
0 0.843 0.17483660130718953 0.094 0.12745098039215685
0 0.976 0.119281045751634 0.048 0.10784313725490197
1 0.496 0.434640522875817 0.048 0.1111111111111111
1 0.358 0.4150326797385621 0.06 0.09803921568627451
1 0.669 0.41013071895424835 0.066 0.09477124183006536
1 0.806 0.35130718954248363 0.048 0.07516339869281045
1 0.714 0.40032679738562094 0.044 0.09477124183006536
1 0.169 0.4362745098039216 0.066 0.17320261437908496
