2 0.324 0.7252252252252253 0.024 0.021021021021021023
2 0.687 0.7897897897897898 0.046 0.024024024024024024
2 0.276 0.7252252252252253 0.02 0.03303303303303303
2 0.483 0.7162162162162162 0.018 0.02702702702702703
2 0.728 0.8198198198198198 0.028 0.03003003003003003
2 0.784 0.7372372372372372 0.024 0.02702702702702703
2 0.373 0.6771771771771772 0.018 0.021021021021021023
2 0.536 0.7237237237237237 0.032 0.024024024024024024
2 0.343 0.6711711711711712 0.03 0.021021021021021023
2 0.582 0.7312312312312312 0.016 0.021021021021021023
2 0.441 0.7087087087087087 0.038 0.024024024024024024
2 0.63 0.7687687687687688 0.036 0.024024024024024024
2 0.429 0.6816816816816816 0.022 0.024024024024024024
2 0.601 0.7522522522522522 0.046 0.021021021021021023
2 0.661 0.6756756756756757 0.022 0.024024024024024024
