2 0.363 0.8706666666666667 0.026 0.029333333333333333
2 0.311 0.8266666666666667 0.038 0.02666666666666667
2 0.512 0.8866666666666667 0.032 0.034666666666666665
2 0.604 0.8986666666666666 0.048 0.037333333333333336
2 0.428 0.8666666666666667 0.024 0.02666666666666667
2 0.756 0.888 0.032 0.032
2 0.782 0.9106666666666666 0.048 0.04
2 0.818 0.9346666666666666 0.052 0.04
2 0.576 0.88 0.04 0.032
2 0.672 0.8906666666666667 0.044 0.037333333333333336
2 0.463 0.8586666666666667 0.042 0.032
2 0.719 0.868 0.046 0.024
2 0.647 0.86 0.03 0.024
2 0.551 0.8346666666666667 0.03 0.02666666666666667
