0 0.7566666666666667 0.16166666666666665 0.06666666666666667 0.09666666666666666
0 0.19666666666666666 0.23 0.07333333333333333 0.12
0 0.49166666666666664 0.27666666666666667 0.06666666666666667 0.09333333333333334
1 0.08666666666666667 0.73 0.043333333333333335 0.11333333333333333
1 0.27 0.785 0.03 0.12333333333333334
1 0.8291666666666667 0.7233333333333334 0.041666666666666664 0.14
1 0.6991666666666667 0.45666666666666667 0.051666666666666666 0.13333333333333333
3 0.17416666666666666 0.5666666666666667 0.145 0.3933333333333333
3 0.4716666666666667 0.6083333333333333 0.15666666666666668 0.43
3 0.7541666666666667 0.52 0.155 0.43333333333333335
