0 0.229 0.2822822822822823 0.038 0.042042042042042045
0 0.33 0.3063063063063063 0.036 0.042042042042042045
0 0.772 0.2897897897897898 0.052 0.05105105105105105
0 0.426 0.3078078078078078 0.04 0.04504504504504504
0 0.73 0.3123123123123123 0.036 0.042042042042042045
0 0.535 0.2987987987987988 0.038 0.03903903903903904
0 0.599 0.2897897897897898 0.034 0.03903903903903904
0 0.562 0.3228228228228228 0.02 0.02702702702702703
0 0.648 0.3108108108108108 0.028 0.03303303303303303
0 0.497 0.3003003003003003 0.034 0.03003003003003003
0 0.617 0.3153153153153153 0.042 0.042042042042042045
2 0.796 0.8273273273273273 0.028 0.03903903903903904
2 0.496 0.7282282282282282 0.032 0.02702702702702703
2 0.304 0.6996996996996997 0.02 0.036036036036036036
2 0.2 0.7087087087087087 0.02 0.03003003003003003
2 0.395 0.7177177177177178 0.026 0.03003003003003003
2 0.343 0.6876876876876877 0.022 0.03003003003003003
2 0.742 0.7927927927927928 0.056 0.036036036036036036
2 0.468 0.6456456456456456 0.032 0.03003003003003003
2 0.437 0.7072072072072072 0.034 0.021021021021021023
2 0.614 0.7552552552552553 0.052 0.02702702702702703
2 0.648 0.7837837837837838 0.028 0.036036036036036036
2 0.716 0.6621621621621622 0.036 0.02702702702702703
2 0.233 0.6906906906906907 0.034 0.024024024024024024
2 0.555 0.7342342342342343 0.018 0.02702702702702703
2 0.583 0.7057057057057057 0.038 0.024024024024024024
2 0.553 0.7327327327327328 0.022 0.036036036036036036
