2 0.469 0.7706666666666667 0.038 0.037333333333333336
2 0.533 0.764 0.05 0.04
2 0.961 0.8786666666666667 0.038 0.050666666666666665
2 0.22 0.7706666666666667 0.044 0.037333333333333336
2 0.634 0.7306666666666667 0.028 0.037333333333333336
2 0.663 0.6786666666666666 0.026 0.034666666666666665
2 0.807 0.9186666666666666 0.074 0.034666666666666665
2 0.755 0.8146666666666667 0.054 0.029333333333333333
2 0.284 0.7906666666666666 0.036 0.029333333333333333
2 0.598 0.7346666666666667 0.028 0.04
2 0.387 0.7666666666666667 0.046 0.029333333333333333
2 0.342 0.7786666666666666 0.052 0.02666666666666667
2 0.05 0.836 0.048 0.024
2 0.414 0.5786666666666667 0.044 0.021333333333333333
2 0.074 0.8146666666666667 0.036 0.029333333333333333
2 0.134 0.7826666666666666 0.048 0.034666666666666665
