0 0.21354166666666666 0.03671875 0.16041666666666668 0.0703125
0 0.7708333333333334 0.09921875 0.1 0.0859375
0 0.934375 0.10859375 0.10208333333333333 0.0703125
0 0.027083333333333334 0.09609375 0.05 0.0453125
0 0.5145833333333333 0.20234375 0.0625 0.0359375
2 0.759375 0.546875 0.09375 0.0375
2 0.2625 0.6578125 0.1375 0.040625
2 0.10833333333333334 0.63671875 0.0875 0.0546875
2 0.8677083333333333 0.5375 0.08125 0.0375
2 0.029166666666666667 0.446875 0.05416666666666667 0.01875
2 0.9322916666666666 0.51796875 0.06875 0.0328125
