0 0.101 0.2032640949554896 0.166 0.1394658753709199
0 0.466 0.26112759643916916 0.076 0.0830860534124629
0 0.664 0.25370919881305637 0.052 0.050445103857566766
0 0.389 0.2878338278931751 0.042 0.04747774480712166
0 0.891 0.27002967359050445 0.102 0.0830860534124629
0 0.784 0.2551928783382789 0.076 0.0712166172106825
0 0.588 0.28338278931750743 0.036 0.050445103857566766
0 0.613 0.30118694362017806 0.022 0.032640949554896145
0 0.154 0.34124629080118696 0.04 0.04154302670623145
2 0.635 0.8071216617210683 0.026 0.04154302670623145
2 0.29 0.655786350148368 0.032 0.02373887240356083
2 0.381 0.7373887240356083 0.026 0.03857566765578635
2 0.71 0.9540059347181009 0.072 0.06824925816023739
2 0.181 0.658753709198813 0.034 0.02373887240356083
2 0.358 0.6483679525222552 0.028 0.032640949554896145
2 0.233 0.6632047477744807 0.022 0.020771513353115726
2 0.234 0.6543026706231454 0.028 0.032640949554896145
