0 0.575 0.388 0.054 0.056
0 0.456 0.39866666666666667 0.052 0.050666666666666665
0 0.332 0.4226666666666667 0.02 0.029333333333333333
0 0.381 0.4266666666666667 0.018 0.02666666666666667
0 0.505 0.4066666666666667 0.034 0.034666666666666665
0 0.808 0.412 0.028 0.024
0 0.17 0.3506666666666667 0.02 0.018666666666666668
2 0.602 0.8306666666666667 0.024 0.029333333333333333
2 0.548 0.8706666666666667 0.04 0.034666666666666665
2 0.494 0.8266666666666667 0.02 0.02666666666666667
2 0.427 0.872 0.03 0.032
2 0.52 0.7026666666666667 0.016 0.024
2 0.811 0.6906666666666667 0.018 0.021333333333333333
2 0.784 0.6586666666666666 0.012 0.02666666666666667
