0 0.545 0.24074074074074073 0.114 0.11728395061728394
0 0.735 0.4027777777777778 0.07 0.09567901234567901
0 0.2 0.4104938271604938 0.064 0.07407407407407407
0 0.032 0.47685185185185186 0.028 0.033950617283950615
0 0.129 0.47685185185185186 0.03 0.033950617283950615
0 0.278 0.46141975308641975 0.028 0.033950617283950615
0 0.861 0.33641975308641975 0.094 0.11728395061728394
2 0.034 0.7546296296296297 0.028 0.021604938271604937
2 0.396 0.9614197530864198 0.052 0.05246913580246913
2 0.286 0.7175925925925926 0.044 0.021604938271604937
2 0.137 0.7484567901234568 0.026 0.033950617283950615
