0 0.20637898686679174 0.24666666666666667 0.08630393996247655 0.10666666666666667
0 0.7270168855534709 0.2966666666666667 0.07692307692307693 0.09333333333333334
0 0.0225140712945591 0.32666666666666666 0.0450281425891182 0.06
0 0.5440900562851783 0.32 0.04127579737335835 0.06
0 0.30393996247654786 0.31166666666666665 0.075046904315197 0.09
0 0.4774859287054409 0.30333333333333334 0.043151969981238276 0.06
0 0.4090056285178236 0.2966666666666667 0.0675422138836773 0.07333333333333333
2 0.06378986866791744 0.78 0.04127579737335835 0.03333333333333333
4 0.7607879924953096 0.6933333333333334 0.17448405253283303 0.6
4 0.18574108818011256 0.56 0.13133208255159476 0.4533333333333333
3 0.29924953095684803 0.55 0.11819887429643527 0.32666666666666666
