0 0.21071428571428572 0.15357142857142858 0.08333333333333333 0.09285714285714286
0 0.805952380952381 0.17142857142857143 0.07857142857142857 0.07857142857142857
0 0.6738095238095239 0.18214285714285713 0.0761904761904762 0.06428571428571428
0 0.34285714285714286 0.28214285714285714 0.04285714285714286 0.04285714285714286
0 0.6369047619047619 0.2517857142857143 0.04047619047619048 0.06785714285714285
0 0.4392857142857143 0.15 0.05952380952380952 0.06428571428571428
2 0.7095238095238096 0.9089285714285714 0.04285714285714286 0.060714285714285714
2 0.8511904761904762 0.9785714285714285 0.06904761904761905 0.04285714285714286
2 0.9488095238095238 0.7482142857142857 0.05476190476190476 0.03214285714285714
2 0.44047619047619047 0.8196428571428571 0.05238095238095238 0.060714285714285714
2 0.49642857142857144 0.8392857142857143 0.05 0.05
2 0.2619047619047619 0.8821428571428571 0.04285714285714286 0.04285714285714286
2 0.7785714285714286 0.925 0.0761904761904762 0.04285714285714286
2 0.6440476190476191 0.8571428571428571 0.07857142857142857 0.04285714285714286
2 0.5333333333333333 0.6875 0.023809523809523808 0.039285714285714285
2 0.3345238095238095 0.6821428571428572 0.016666666666666666 0.04285714285714286
2 0.35595238095238096 0.6839285714285714 0.02142857142857143 0.039285714285714285
2 0.24642857142857144 0.9339285714285714 0.0880952380952381 0.04642857142857143
