0 0.696875 0.465625 0.05 0.05625
0 0.27421875 0.50625 0.0390625 0.059375
0 0.509375 0.5203125 0.028125 0.025
0 0.425 0.73046875 0.034375 0.0859375
1 0.28984375 0.690625 0.0203125 0.03125
1 0.640625 0.740625 0.04375 0.05
1 0.484375 0.903125 0.034375 0.06875
2 0.290625 0.8625 0.05 0.059375
2 0.61171875 0.875 0.0390625 0.04375
2 0.68984375 0.91796875 0.0421875 0.0765625
4 0.5265625 0.825 0.140625 0.3375
4 0.68125 0.7375 0.140625 0.41875
4 0.221875 0.69609375 0.1625 0.3703125
4 0.22734375 0.684375 0.1796875 0.415625
